4366810380166845|11|2023|751
4034770000383539|05|2024|109
5250362434569000|05|2024|224
5100224001031834|05|24|080
5313640047168145|11|23|236
4134925485401813|03|25|833
4019240199749006|11|25|775
5444830004467158|12|2024|609
4082640572628226|03|2030
4082640572628226|03|2030
4082640572628226|03|2030
4082640572628226|03|2030|
4082640572628226|03|2030|127
5228400073007574|5|2027|598
4505500028116888|09|2027|411
5550028039624741|11|2022|898
5550028039624741|11|2022|898
5550028039624741|11|2022|898
5314620060018624|05|2024|868
4069341009004167|09|24|437
5597670444832701|10|25|195
